  0.00  6.21  0.73 17.90 15.11 13.16  8.91 12.17  5.97  7.74
  0.46 15.68  1.53 14.01  0.46 11.98  8.47  0.30 16.05  5.71
  6.35  1.62 10.06  0.35 17.81 13.00  2.21  0.00 12.65 10.87
 12.00 15.99 16.68  3.06 10.54  3.81  9.63  8.30 13.43  3.04
 17.33  0.00  1.36 17.91  0.11  5.55  3.49 15.07  4.66 16.68
 15.09 13.22 16.41 13.57  8.01  4.73 17.42  4.12 12.08  9.64
  6.04  5.40  1.65  3.92 12.77 13.54 10.61 11.22 11.79  9.68
  0.00  0.89 11.48 11.87 14.30  9.90  0.32  0.82 16.84 10.17
 14.33 16.35  0.34  9.70  7.90 11.46  0.00  9.42 17.48  6.65
 14.99  1.76  2.18  8.64  3.76 11.36  9.96 14.57  9.02  8.79
